200.34	0
200.72	0
201.1	0
201.48	0
201.85	0
202.23	0
202.61	0
202.99	0
203.36	0
203.74	0
204.12	0
204.49	0
204.87	0
205.25	0
205.63	0
206	0
206.38	0
206.76	0
207.14	0
207.51	0
207.89	0
208.27	0
208.64	0
209.02	0
209.4	0
209.77	0
210.15	0
210.53	0
210.9	3.7001E+12
211.28	3.7001E+12
211.66	9.6436E+12
212.03	2.1307E+13
212.41	2.1307E+13
212.79	3.4967E+13
213.16	2.208E+13
213.54	2.208E+13
213.92	3.1822E+13
214.29	3.1822E+13
214.67	3.0793E+13
215.05	3.0793E+13
215.42	2.1051E+13
215.8	1.2268E+13
216.17	1.2268E+13
216.55	4.9457E+12
216.93	2.4567E+12
217.3	8.6133E+12
217.68	8.6133E+12
218.05	8.9633E+12
218.43	8.9633E+12
218.81	1.4199E+13
219.18	1.4199E+13
219.56	1.9535E+13
219.93	1.9535E+13
220.31	2.4555E+13
220.69	2.4555E+13
221.06	2.4555E+13
221.44	2.4555E+13
221.81	2.6878E+13
222.19	2.6878E+13
222.56	2.6878E+13
222.94	3.2486E+13
223.32	3.2486E+13
223.69	3.3384E+13
224.07	3.9236E+13
224.44	4.2025E+13
224.82	4.3759E+13
225.19	4.4202E+13
225.57	4.4552E+13
225.94	4.4552E+13
226.32	4.5601E+13
226.69	4.8371E+13
227.07	5.0834E+13
227.44	5.0834E+13
227.82	5.0834E+13
228.19	5.118E+13
228.57	5.118E+13
228.94	5.419E+13
229.32	5.419E+13
229.69	5.419E+13
230.07	5.6687E+13
230.44	6.1587E+13
230.82	6.1587E+13
231.19	6.2569E+13
231.57	6.1587E+13
231.94	6.2569E+13
232.32	6.5512E+13
232.69	6.8765E+13
233.07	6.8765E+13
233.44	7.1103E+13
233.82	7.1103E+13
234.19	7.1103E+13
234.57	7.1103E+13
234.94	6.9527E+13
235.31	6.9527E+13
235.69	7.4039E+13
236.06	7.4039E+13
236.44	6.7903E+13
236.81	6.6014E+13
237.19	6.6014E+13
237.56	6.6014E+13
237.93	6.6014E+13
238.31	7.4046E+13
238.68	8.1048E+13
239.06	8.1048E+13
239.43	8.1048E+13
239.81	8.1048E+13
240.18	8.1048E+13
240.55	8.1048E+13
240.93	8.1048E+13
241.3	7.9116E+13
241.67	7.7876E+13
242.05	7.6296E+13
242.42	7.3663E+13
242.8	7.3663E+13
243.17	7.19E+13
243.54	7.19E+13
243.92	7.3663E+13
244.29	7.673E+13
244.66	7.3663E+13
245.04	7.3663E+13
245.41	7.3663E+13
245.78	7.0635E+13
246.16	7.2373E+13
246.53	7.2373E+13
246.9	7.867E+13
247.28	6.9884E+13
247.65	6.7482E+13
248.02	6.7482E+13
248.4	6.7482E+13
248.77	7.3251E+13
249.14	7.4831E+13
249.52	7.645E+13
249.89	7.2479E+13
250.26	7.2479E+13
250.64	7.086E+13
251.01	7.2479E+13
251.38	7.2479E+13
251.75	7.0817E+13
252.13	7.0817E+13
252.5	6.7049E+13
252.87	6.7049E+13
253.25	6.7049E+13
253.62	6.2373E+13
253.99	6.2373E+13
254.36	6.2373E+13
254.74	6.112E+13
255.11	6.112E+13
255.48	6.0692E+13
255.85	6.1622E+13
256.23	6.2644E+13
256.6	6.1622E+13
256.97	6.1622E+13
257.34	6.2644E+13
257.71	6.1622E+13
258.09	6.1622E+13
258.46	6.2342E+13
258.83	6.2572E+13
259.2	6.3097E+13
259.58	6.5974E+13
259.95	6.5449E+13
260.32	6.9266E+13
260.69	6.6088E+13
261.06	6.4371E+13
261.44	6.4371E+13
261.81	6.5885E+13
262.18	6.5885E+13
262.55	6.4154E+13
262.92	6.1174E+13
263.29	5.9854E+13
263.67	6.1687E+13
264.04	6.1687E+13
264.41	6.4154E+13
264.78	6.1687E+13
265.15	6.4154E+13
265.52	6.2346E+13
265.9	6.3805E+13
266.27	6.3805E+13
266.64	6.3805E+13
267.01	6.6085E+13
267.38	6.3805E+13
267.75	6.3805E+13
268.12	6.1992E+13
268.5	6.4114E+13
268.87	6.4271E+13
269.24	6.6672E+13
269.61	6.8384E+13
269.98	6.8384E+13
270.35	6.985E+13
270.72	6.9669E+13
271.09	7.0454E+13
271.46	7.0454E+13
271.83	7.1643E+13
272.21	7.1643E+13
272.58	7.2803E+13
272.95	7.359E+13
273.32	7.359E+13
273.69	7.4031E+13
274.06	7.4892E+13
274.43	7.4892E+13
274.8	7.6984E+13
275.17	7.8775E+13
275.54	7.8775E+13
275.91	8.0655E+13
276.28	8.2032E+13
276.65	8.2491E+13
277.02	8.3151E+13
277.39	8.3792E+13
277.76	8.6432E+13
278.13	8.7713E+13
278.5	8.7713E+13
278.87	8.55E+13
279.24	8.6958E+13
279.61	8.789E+13
279.98	8.7987E+13
280.35	8.7114E+13
280.72	8.7114E+13
281.09	8.7114E+13
281.46	8.6937E+13
281.83	8.7114E+13
282.2	8.7444E+13
282.57	8.9395E+13
282.94	9.0708E+13
283.31	9.0922E+13
283.68	9.0922E+13
284.05	9.0922E+13
284.42	9.0922E+13
284.79	9.0922E+13
285.16	9.0922E+13
285.53	9.0156E+13
285.9	8.9729E+13
286.27	8.9169E+13
286.64	8.8551E+13
287.01	8.8288E+13
287.38	8.8288E+13
287.75	8.7039E+13
288.12	8.704E+13
288.49	8.6552E+13
288.86	8.6552E+13
289.23	8.6552E+13
289.59	8.6552E+13
289.96	8.6552E+13
290.33	8.6353E+13
290.7	8.7815E+13
291.07	8.6353E+13
291.44	8.6853E+13
291.81	8.6853E+13
292.18	8.5878E+13
292.55	8.5878E+13
292.91	8.5046E+13
293.28	8.5046E+13
293.65	8.454E+13
294.02	8.3836E+13
294.39	8.2836E+13
294.76	8.2836E+13
295.13	8.2413E+13
295.5	8.2413E+13
295.86	8.062E+13
296.23	7.8754E+13
296.6	7.8754E+13
296.97	7.7851E+13
297.34	7.8754E+13
297.71	7.8754E+13
298.07	7.7814E+13
298.44	7.6345E+13
298.81	7.7814E+13
299.18	7.6345E+13
299.55	7.4137E+13
299.91	7.2666E+13
300.28	7.2666E+13
300.65	7.2281E+13
301.02	6.8602E+13
301.39	6.8805E+13
301.75	6.4165E+13
302.12	6.2402E+13
302.49	6.2402E+13
302.86	6.2402E+13
303.23	6.2402E+13
303.59	6.2367E+13
303.96	6.3708E+13
304.33	6.3708E+13
304.7	6.2871E+13
305.06	6.116E+13
305.43	6.116E+13
305.8	6.0552E+13
306.17	5.943E+13
306.53	5.8257E+13
306.9	5.8257E+13
307.27	5.8257E+13
307.64	5.7095E+13
308	5.5901E+13
308.37	5.4781E+13
308.74	5.4781E+13
309.11	5.4319E+13
309.47	5.3465E+13
309.84	5.3465E+13
310.21	5.2434E+13
310.57	5.151E+13
310.94	5.0384E+13
311.31	5.0682E+13
311.67	4.9462E+13
312.04	4.9269E+13
312.41	4.8399E+13
312.77	4.6926E+13
313.14	4.6926E+13
313.51	4.5618E+13
313.87	4.4911E+13
314.24	4.4891E+13
314.61	4.5618E+13
314.97	4.4891E+13
315.34	4.5618E+13
315.71	4.4265E+13
316.07	4.4265E+13
316.44	4.3178E+13
316.81	4.2037E+13
317.17	4.1929E+13
317.54	4.1929E+13
317.91	4.0371E+13
318.27	3.9505E+13
318.64	3.9239E+13
319	3.888E+13
319.37	3.8594E+13
319.74	3.8594E+13
320.1	3.771E+13
320.47	3.7898E+13
320.83	3.5914E+13
321.2	3.4349E+13
321.57	3.4349E+13
321.93	3.4349E+13
322.3	3.4349E+13
322.66	3.4401E+13
323.03	3.4401E+13
323.4	3.2891E+13
323.76	3.1982E+13
324.13	3.1982E+13
324.49	3.2678E+13
324.86	3.2678E+13
325.22	3.2224E+13
325.59	3.2224E+13
325.95	3.144E+13
326.32	3.0387E+13
326.68	3.0145E+13
327.05	3.0145E+13
327.42	3.0145E+13
327.78	2.9109E+13
328.15	2.8564E+13
328.51	2.8564E+13
328.88	2.8564E+13
329.24	2.8465E+13
329.61	2.7666E+13
329.97	2.6507E+13
330.34	2.6507E+13
330.7	2.609E+13
331.07	2.609E+13
331.43	2.6507E+13
331.8	2.609E+13
332.16	2.6315E+13
332.52	2.6315E+13
332.89	2.609E+13
333.25	2.609E+13
333.62	2.5826E+13
333.98	2.5193E+13
334.35	2.5193E+13
334.71	2.4058E+13
335.08	2.3741E+13
335.44	2.3741E+13
335.81	2.3741E+13
336.17	2.3092E+13
336.53	2.2761E+13
336.9	2.26E+13
337.26	2.231E+13
337.63	2.1762E+13
337.99	2.1762E+13
338.36	2.26E+13
338.72	2.1762E+13
339.08	2.1762E+13
339.45	2.1754E+13
339.81	2.1378E+13
340.18	2.1378E+13
340.54	2.1378E+13
340.9	2.1359E+13
341.27	2.1359E+13
341.63	2.1225E+13
341.99	2.0476E+13
342.36	2.0647E+13
342.72	2.0165E+13
343.09	1.952E+13
343.45	1.952E+13
343.81	1.8539E+13
344.18	1.8087E+13
344.54	1.5861E+13
344.9	1.759E+13
345.27	1.759E+13
345.63	1.5861E+13
345.99	1.5723E+13
346.36	1.5689E+13
346.72	1.6716E+13
347.08	1.5471E+13
347.45	1.5471E+13
347.81	1.5471E+13
348.17	1.5471E+13
348.54	1.5215E+13
348.9	1.3812E+13
349.26	1.3113E+13
349.62	1.3113E+13
349.99	1.317E+13
350.35	1.3024E+13
350.71	1.3024E+13
351.08	1.3024E+13
351.44	1.3024E+13
351.8	1.3024E+13
352.16	1.26E+13
352.53	1.1837E+13
352.89	1.1549E+13
353.25	1.1298E+13
353.61	1.1298E+13
353.98	1.1298E+13
354.34	1.1298E+13
354.7	1.1549E+13
355.06	1.1549E+13
355.43	1.1727E+13
355.79	1.1994E+13
356.15	1.2548E+13
356.51	1.2548E+13
356.88	1.2548E+13
357.24	1.2548E+13
357.6	1.2751E+13
357.96	1.2394E+13
358.32	1.2183E+13
358.69	1.2183E+13
359.05	1.2306E+13
359.41	1.2306E+13
359.77	1.1944E+13
360.13	1.1944E+13
360.49	1.2306E+13
360.86	1.1942E+13
361.22	1.1661E+13
361.58	1.1825E+13
361.94	1.1825E+13
362.3	1.1825E+13
362.66	1.1825E+13
363.03	1.1612E+13
363.39	1.1612E+13
363.75	1.1612E+13
364.11	1.14E+13
364.47	1.1564E+13
364.83	1.1167E+13
365.19	1.1167E+13
365.56	1.2043E+13
365.92	1.2043E+13
366.28	1.1267E+13
366.64	1.2173E+13
367	1.2477E+13
367.36	1.2477E+13
367.72	1.2596E+13
368.08	1.2742E+13
368.44	1.3001E+13
368.8	1.3001E+13
369.17	1.2548E+13
369.53	1.2289E+13
369.89	1.2289E+13
370.25	1.2289E+13
370.61	1.2548E+13
370.97	1.2936E+13
371.33	1.338E+13
371.69	1.2954E+13
372.05	1.2954E+13
372.41	1.2954E+13
372.77	1.338E+13
373.13	1.338E+13
373.49	1.43E+13
373.85	1.43E+13
374.21	1.338E+13
374.57	1.4039E+13
374.93	1.3613E+13
375.29	1.5E+13
375.65	1.5E+13
376.01	1.2396E+13
376.37	1.1864E+13
376.73	1.2265E+13
377.09	1.2002E+13
377.45	1.2002E+13
377.81	1.2002E+13
378.17	1.0551E+13
378.53	1.2002E+13
378.89	1.1577E+13
379.25	1.2627E+13
379.61	1.2627E+13
379.97	1.2627E+13
380.33	1.3336E+13
380.69	1.3643E+13
381.05	1.3643E+13
381.41	1.3643E+13
381.77	1.4275E+13
382.13	1.4927E+13
382.49	1.4927E+13
382.85	1.4414E+13
383.21	1.4414E+13
383.57	1.4414E+13
383.93	1.3737E+13
384.28	1.3737E+13
384.64	1.3032E+13
385	1.2508E+13
385.36	1.2452E+13
385.72	1.2405E+13
386.08	1.1737E+13
386.44	1.1752E+13
386.8	1.153E+13
387.16	1.153E+13
387.52	1.2192E+13
387.87	1.2192E+13
388.23	1.153E+13
388.59	1.2192E+13
388.95	1.1858E+13
389.31	1.2192E+13
389.67	1.241E+13
390.03	1.241E+13
390.38	1.2435E+13
390.74	1.2964E+13
391.1	1.2964E+13
391.46	1.2989E+13
391.82	1.3613E+13
392.18	1.3613E+13
392.54	1.3613E+13
392.89	1.3196E+13
393.25	1.2704E+13
393.61	1.2704E+13
393.97	1.2704E+13
394.33	1.2704E+13
394.68	1.3102E+13
395.04	1.2755E+13
395.4	1.2585E+13
395.76	1.2585E+13
396.12	1.152E+13
396.47	1.152E+13
396.83	1.2231E+13
397.19	1.1115E+13
397.55	1.1417E+13
397.9	1.1417E+13
398.26	1.0552E+13
398.62	9.9901E+12
398.98	1.0552E+13
399.33	1.1219E+13
399.69	1.1219E+13
400.05	1.0552E+13
400.41	1.0464E+13
400.76	1.0357E+13
401.12	1.0357E+13
401.48	9.2999E+12
401.84	1.0056E+13
402.19	9.4721E+12
402.55	8.6898E+12
402.91	8.6898E+12
403.26	9.3578E+12
403.62	9.5629E+12
403.98	8.921E+12
404.34	9.5629E+12
404.69	9.5629E+12
405.05	9.5629E+12
405.41	9.1682E+12
405.76	9.6051E+12
406.12	1.0397E+13
406.48	1.0357E+13
406.83	9.9628E+12
407.19	1.0677E+13
407.55	1.0677E+13
407.9	1.0677E+13
408.26	1.0677E+13
408.62	1.0677E+13
408.97	1.0677E+13
409.33	1.0602E+13
409.68	1.0599E+13
410.04	1.0599E+13
410.4	1.0599E+13
410.75	1.0521E+13
411.11	1.015E+13
411.47	9.5555E+12
411.82	9.5555E+12
412.18	9.2764E+12
412.53	9.5555E+12
412.89	9.5555E+12
413.25	9.2764E+12
413.6	9.0636E+12
413.96	9.0636E+12
414.31	9.2764E+12
414.67	9.4054E+12
415.03	9.9979E+12
415.38	9.7767E+12
415.74	9.7767E+12
416.09	9.2038E+12
416.45	9.6674E+12
416.8	9.6674E+12
417.16	9.6674E+12
417.51	9.0632E+12
417.87	9.0632E+12
418.23	9.185E+12
418.58	9.185E+12
418.94	9.185E+12
419.29	9.901E+12
419.65	9.901E+12
420	9.2968E+12
420.36	9.2968E+12
420.71	9.6467E+12
421.07	1.014E+13
421.42	9.7742E+12
421.78	7.8136E+12
422.13	6.3073E+12
422.49	6.2352E+12
422.84	6.1026E+12
423.2	6.2352E+12
423.55	6.2352E+12
423.91	6.3073E+12
424.26	6.1355E+12
424.61	6.1355E+12
424.97	6.1355E+12
425.32	6.3513E+12
425.68	6.2187E+12
426.03	6.2187E+12
426.39	6.27E+12
426.74	6.27E+12
427.1	6.6876E+12
427.45	6.6876E+12
427.8	6.8764E+12
428.16	6.8764E+12
428.51	7.0818E+12
428.87	7.0818E+12
429.22	7.0818E+12
429.58	7.0818E+12
429.93	7.0818E+12
430.28	7.0174E+12
430.64	6.1555E+12
430.99	4.7632E+12
431.35	4.4385E+12
431.7	4.4385E+12
432.05	3.9366E+12
432.41	3.7249E+12
432.76	3.7249E+12
433.11	3.6842E+12
433.47	3.8052E+12
433.82	4.3478E+12
434.17	4.8608E+12
434.53	4.8608E+12
434.88	5.5248E+12
435.24	5.0171E+12
435.59	5.0171E+12
435.94	5.0171E+12
436.3	4.3465E+12
436.65	4.5979E+12
437	4.4713E+12
437.35	4.0724E+12
437.71	4.0724E+12
438.06	4.4713E+12
438.41	4.4713E+12
438.77	4.0724E+12
439.12	4.4713E+12
439.47	4.8568E+12
439.83	5.4159E+12
440.18	5.4159E+12
440.53	5.4159E+12
440.88	5.4159E+12
441.24	5.8854E+12
441.59	5.3247E+12
441.94	5.4731E+12
442.3	5.4731E+12
442.65	5.3723E+12
443	4.7023E+12
443.35	4.4444E+12
443.71	4.4444E+12
444.06	4.2788E+12
444.41	3.9823E+12
444.76	3.9823E+12
445.11	3.9823E+12
445.47	3.9823E+12
445.82	3.9899E+12
446.17	3.9899E+12
446.52	3.855E+12
446.88	3.855E+12
447.23	3.5439E+12
447.58	4.1331E+12
447.93	4.1331E+12
448.28	3.6694E+12
448.63	3.6694E+12
448.99	3.6694E+12
449.34	3.4999E+12
449.69	3.0801E+12
450.04	3.0801E+12
450.39	3.4999E+12
450.74	3.4999E+12
451.1	3.4999E+12
451.45	3.8577E+12
451.8	3.8577E+12
452.15	3.8453E+12
452.5	3.2287E+12
452.85	3.3229E+12
453.21	3.9518E+12
453.56	3.9518E+12
453.91	3.9518E+12
454.26	3.9518E+12
454.61	3.9518E+12
454.96	3.782E+12
455.31	3.782E+12
455.66	3.5504E+12
456.01	3.6567E+12
456.36	3.5504E+12
456.72	3.0091E+12
457.07	2.0393E+12
457.42	2.0393E+12
457.77	1.5754E+12
458.12	1.5754E+12
458.47	2.5452E+12
458.82	2.5453E+12
459.17	1.6143E+12
459.52	1.6143E+12
459.87	1.6143E+12
460.22	1.8835E+12
460.57	1.8835E+12
460.92	1.6143E+12
461.27	1.8835E+12
461.62	1.5201E+12
461.97	1.2793E+12
462.32	8.1443E+11
462.67	1.2793E+12
463.02	1.2793E+12
463.38	1.6237E+12
463.73	1.6237E+12
464.08	2.3152E+12
464.43	2.3152E+12
464.78	2.3152E+12
465.12	2.6158E+12
465.47	2.8473E+12
465.82	2.8473E+12
466.17	3.0527E+12
466.52	2.8473E+12
466.87	2.8473E+12
467.22	2.8473E+12
467.57	2.5821E+12
467.92	2.8473E+12
468.27	3.5927E+12
468.62	3.3275E+12
468.97	1.1555E+12
469.32	1.1555E+12
469.67	1.1555E+12
470.02	2.597E+12
470.37	1.066E+12
470.72	1.066E+12
471.07	2.6436E+12
471.42	1.9605E+12
471.76	1.9605E+12
472.11	2.6436E+12
472.46	2.6436E+12
472.81	2.8582E+12
473.16	2.8582E+12
473.51	2.7563E+12
473.86	2.7563E+12
474.21	2.9893E+12
474.56	2.9062E+12
474.9	2.9062E+12
475.25	2.2889E+12
475.6	2.2889E+12
475.95	2.4178E+12
476.3	2.3043E+12
476.65	2.2176E+12
477	2.1292E+12
477.34	2.2176E+12
477.69	2.1292E+12
478.04	2.2176E+12
478.39	2.2176E+12
478.74	1.9099E+12
479.09	1.9099E+12
479.43	1.6289E+12
479.78	1.4631E+12
480.13	1.6289E+12
480.48	1.6289E+12
480.83	1.6289E+12
481.17	1.6717E+12
481.52	1.6717E+12
481.87	1.929E+12
482.22	1.929E+12
482.57	1.929E+12
482.91	1.929E+12
483.26	2.2557E+12
483.61	1.9991E+12
483.96	2.4476E+12
484.3	2.1209E+12
484.65	1.8681E+12
485	1.55E+12
485.35	1.1487E+12
485.69	1.2007E+12
486.04	1.2007E+12
486.39	1.2007E+12
486.74	1.2007E+12
487.08	1.2742E+12
487.43	1.2007E+12
487.78	1.2742E+12
488.12	1.2742E+12
488.47	1.2742E+12
488.82	1.3468E+12
489.17	1.3468E+12
489.51	9.1702E+11
489.86	1.0406E+12
490.21	7.6838E+11
490.55	7.6838E+11
490.9	1.0745E+12
491.25	7.6838E+11
491.59	9.2106E+11
491.94	7.6838E+11
492.29	7.5002E+11
492.63	7.5002E+11
492.98	7.5002E+11
493.33	7.1879E+11
493.67	7.1879E+11
494.02	5.0658E+11
494.37	3.9297E+11
494.71	4.2223E+11
495.06	4.2223E+11
495.4	5.9136E+11
495.75	4.2223E+11
496.1	3.3745E+11
496.44	4.2223E+11
496.79	5.4945E+11
497.13	4.2223E+11
497.48	5.4945E+11
497.83	6.6371E+11
498.17	7.2972E+11
498.52	6.6371E+11
498.86	6.6371E+11
499.21	7.2972E+11
499.56	7.2972E+11
499.9	7.2972E+11
500.25	7.2972E+11
500.59	9.687E+11
500.94	1.3604E+12
501.28	1.3604E+12
501.63	1.0574E+12
501.97	1.3604E+12
502.32	1.2336E+12
502.67	7.0493E+11
503.01	7.0493E+11
503.36	1.68E+11
503.7	1.68E+11
504.05	1.68E+11
504.39	1.68E+11
504.74	1.68E+11
505.08	7.3775E+11
505.43	3.3825E+11
505.77	5.2242E+11
506.12	5.6633E+11
506.46	9.2192E+11
506.81	1.0238E+12
507.15	1.0585E+12
507.49	1.052E+12
507.84	1.0238E+12
508.18	9.9473E+11
508.53	1.0222E+12
508.87	1.052E+12
509.22	1.0946E+12
509.56	1.0946E+12
509.91	1.2118E+12
510.25	1.1698E+12
510.6	1.0229E+12
510.94	8.939E+11
511.28	4.5379E+11
511.63	9.1862E+11
511.97	4.5379E+11
512.32	4.5379E+11
512.66	4.5379E+11
513	9.1862E+11
513.35	9.1862E+11
513.69	1.0128E+12
514.04	1.0128E+12
514.38	1.0128E+12
514.72	1.0128E+12
515.07	9.441E+11
515.41	1.0121E+12
515.76	9.441E+11
516.1	7.8875E+11
516.44	7.8875E+11
516.79	4.6261E+11
517.13	4.6261E+11
517.47	5.7909E+11
517.82	6.4831E+11
518.16	9.7325E+11
518.5	1.1671E+12
518.85	1.3221E+12
519.19	1.3895E+12
519.53	1.3895E+12
519.88	1.3895E+12
520.22	1.3895E+12
520.56	1.4409E+12
520.91	1.9671E+12
521.25	2.699E+12
521.59	2.6034E+12
521.93	2.6034E+12
522.28	2.8987E+12
522.62	2.6034E+12
522.96	2.6034E+12
523.31	1.6801E+12
523.65	1.7803E+12
523.99	1.98E+12
524.33	1.6663E+12
524.68	1.6663E+12
525.02	1.6663E+12
525.36	1.9182E+12
525.7	1.4088E+12
526.05	1.4088E+12
526.39	1.4088E+12
526.73	1.4088E+12
527.07	1.9182E+12
527.41	1.055E+12
527.76	4.2428E+11
528.1	4.2428E+11
528.44	4.2428E+11
528.78	4.2428E+11
529.12	3.8519E+11
529.47	1.4068E+12
529.81	2.0969E+12
530.15	2.0969E+12
530.49	1.7683E+12
530.83	1.7683E+12
531.18	2.0337E+12
531.52	1.7683E+12
531.86	1.4322E+12
532.2	1.4026E+12
532.54	1.4026E+12
532.88	1.0853E+12
533.22	1.0853E+12
533.57	1.0853E+12
533.91	1.4026E+12
534.25	1.4026E+12
534.59	1.1782E+12
534.93	1.4384E+12
535.27	1.4384E+12
535.61	1.2722E+12
535.95	1.4617E+12
536.3	1.9775E+12
536.64	1.7184E+12
536.98	1.7184E+12
537.32	1.7184E+12
537.66	1.7184E+12
538	1.8819E+12
538.34	2.2011E+12
538.68	2.2011E+12
539.02	2.2011E+12
539.36	2.0519E+12
539.7	2.0519E+12
540.04	2.0519E+12
540.39	2.0519E+12
540.73	2.3716E+12
541.07	3.007E+12
541.41	3.6707E+12
541.75	3.0445E+12
542.09	3.6707E+12
542.43	4.2408E+12
542.77	4.6081E+12
543.11	4.6081E+12
543.45	4.6081E+12
543.79	4.6081E+12
544.13	4.6081E+12
544.47	4.7597E+12
544.81	5.1788E+12
545.15	5.3417E+12
545.49	5.8788E+12
545.83	6.1381E+12
546.17	5.8788E+12
546.51	5.9011E+12
546.85	5.9011E+12
547.19	5.6534E+12
547.53	5.6534E+12
547.87	5.6534E+12
548.21	5.853E+12
548.54	6.2207E+12
548.88	5.853E+12
549.22	5.853E+12
549.56	5.853E+12
549.9	5.9914E+12
550.24	6.6871E+12
550.58	7.5857E+12
550.92	7.9006E+12
551.26	7.9006E+12
551.6	7.6235E+12
551.94	7.7559E+12
552.28	8.0661E+12
552.61	8.0541E+12
552.95	8.0541E+12
553.29	8.0541E+12
553.63	8.0541E+12
553.97	8.0541E+12
554.31	8.2378E+12
554.65	9.1113E+12
554.99	9.762E+12
555.32	1.0085E+13
555.66	1.0542E+13
556	1.0708E+13
556.34	1.1391E+13
556.68	1.1391E+13
557.02	1.1391E+13
557.36	1.1933E+13
557.69	1.1426E+13
558.03	1.0708E+13
558.37	1.1076E+13
558.71	1.165E+13
559.05	1.1788E+13
559.38	1.2366E+13
559.72	1.2818E+13
560.06	1.3356E+13
560.4	1.3598E+13
560.74	1.3809E+13
561.07	1.4439E+13
561.41	1.5087E+13
561.75	1.5431E+13
562.09	1.5431E+13
562.42	1.5087E+13
562.76	1.5207E+13
563.1	1.5503E+13
563.44	1.557E+13
563.77	1.6518E+13
564.11	1.7655E+13
564.45	1.8226E+13
564.79	1.75E+13
565.12	1.8226E+13
565.46	1.9037E+13
565.8	1.9037E+13
566.14	1.9788E+13
566.47	2.0173E+13
566.81	2.0667E+13
567.15	2.0667E+13
567.48	2.1494E+13
567.82	2.1718E+13
568.16	2.2172E+13
568.49	2.1718E+13
568.83	2.1718E+13
569.17	2.2232E+13
569.5	2.2232E+13
569.84	2.2701E+13
570.18	2.3436E+13
570.51	2.393E+13
570.85	2.441E+13
571.19	2.4888E+13
571.52	2.4907E+13
571.86	2.5182E+13
572.2	2.5182E+13
572.53	2.5821E+13
572.87	2.6692E+13
573.21	2.6692E+13
573.54	2.7323E+13
573.88	2.7323E+13
574.21	2.7691E+13
574.55	2.7691E+13
574.89	2.955E+13
575.22	3.1268E+13
575.56	3.1436E+13
575.89	3.1932E+13
576.23	3.2431E+13
576.57	3.2923E+13
576.9	3.334E+13
577.24	3.3715E+13
577.57	3.4776E+13
577.91	3.6039E+13
578.24	3.6039E+13
578.58	3.703E+13
578.91	3.703E+13
579.25	3.7794E+13
579.59	3.8522E+13
579.92	3.9079E+13
580.26	3.9264E+13
580.59	3.9079E+13
580.93	3.9703E+13
581.26	3.9703E+13
581.6	4.0635E+13
581.93	4.1286E+13
582.27	4.1708E+13
582.6	4.1708E+13
582.94	4.2054E+13
583.27	4.2529E+13
583.61	4.3856E+13
583.94	4.5295E+13
584.28	4.5364E+13
584.61	4.5364E+13
584.94	4.5759E+13
585.28	4.6324E+13
585.61	4.6793E+13
585.95	4.7352E+13
586.28	4.7763E+13
586.62	4.8655E+13
586.95	4.9083E+13
587.29	4.991E+13
587.62	5.0615E+13
587.95	5.1105E+13
588.29	5.1537E+13
588.62	5.1537E+13
588.96	5.2213E+13
589.29	5.2884E+13
589.62	5.3713E+13
589.96	5.3713E+13
590.29	5.4698E+13
590.63	5.4434E+13
590.96	5.4434E+13
591.29	5.4434E+13
591.63	5.4434E+13
591.96	5.5846E+13
592.29	5.6659E+13
592.63	5.6993E+13
592.96	5.7369E+13
593.3	5.8162E+13
593.63	5.8704E+13
593.96	6.0033E+13
594.3	6.059E+13
594.63	6.059E+13
594.96	6.1108E+13
595.3	6.1235E+13
595.63	6.2249E+13
595.96	6.3168E+13
596.29	6.3168E+13
596.63	6.3517E+13
596.96	6.3517E+13
597.29	6.3517E+13
597.63	6.3259E+13
597.96	6.3663E+13
598.29	6.3663E+13
598.63	6.4139E+13
598.96	6.4139E+13
599.29	6.4139E+13
599.62	6.5633E+13
599.96	6.5633E+13
600.29	6.5982E+13
600.62	6.5982E+13
600.95	6.7632E+13
601.29	6.7632E+13
601.62	6.7632E+13
601.95	6.93E+13
602.28	7.0216E+13
602.61	7.0497E+13
602.95	7.0497E+13
603.28	7.0794E+13
603.61	7.1481E+13
603.94	7.1516E+13
604.27	7.0851E+13
604.61	7.0829E+13
604.94	7.0829E+13
605.27	7.1481E+13
605.6	7.2286E+13
605.93	7.2974E+13
606.27	7.431E+13
606.6	7.431E+13
606.93	7.3412E+13
607.26	7.4598E+13
607.59	7.5253E+13
607.92	7.6014E+13
608.26	7.6014E+13
608.59	7.6424E+13
608.92	7.6014E+13
609.25	7.5904E+13
609.58	7.616E+13
609.91	7.6397E+13
610.24	7.6397E+13
610.57	7.6551E+13
610.9	7.6862E+13
611.24	7.7777E+13
611.57	7.7783E+13
611.9	7.8519E+13
612.23	7.8519E+13
612.56	7.8519E+13
612.89	7.7786E+13
613.22	7.8375E+13
613.55	7.8375E+13
613.88	7.7742E+13
614.21	7.6909E+13
614.54	7.6909E+13
614.87	7.6909E+13
615.2	7.6909E+13
615.53	7.7742E+13
615.87	7.9113E+13
616.2	7.9113E+13
616.53	7.9687E+13
616.86	7.9687E+13
617.19	7.9687E+13
617.52	8.0224E+13
617.85	8.0224E+13
618.18	7.9687E+13
618.51	7.9687E+13
618.84	8.0686E+13
619.17	8.0168E+13
619.5	8.1375E+13
619.83	8.2266E+13
620.16	8.3638E+13
620.49	8.4152E+13
620.82	8.498E+13
621.14	8.4152E+13
621.47	8.4152E+13
621.8	8.4152E+13
622.13	8.2814E+13
622.46	8.2814E+13
622.79	8.1911E+13
623.12	8.1622E+13
623.45	8.0523E+13
623.78	7.9388E+13
624.11	7.8943E+13
624.44	7.8648E+13
624.77	7.8648E+13
625.1	7.7461E+13
625.43	7.7461E+13
625.75	7.8821E+13
626.08	7.9388E+13
626.41	7.9503E+13
626.74	7.9988E+13
627.07	8.0946E+13
627.4	8.1991E+13
627.73	8.2515E+13
628.06	8.2515E+13
628.38	8.2515E+13
628.71	8.2734E+13
629.04	8.3041E+13
629.37	8.3041E+13
629.7	8.2394E+13
630.03	8.2394E+13
630.36	8.2205E+13
630.68	8.2205E+13
631.01	8.2052E+13
631.34	8.2459E+13
631.67	8.2459E+13
632	8.1296E+13
632.32	7.9356E+13
632.65	7.8016E+13
632.98	7.8947E+13
633.31	7.8991E+13
633.64	7.7651E+13
633.96	7.7523E+13
634.29	7.7523E+13
634.62	7.7523E+13
634.95	7.7651E+13
635.27	7.8321E+13
635.6	7.8436E+13
635.93	7.9382E+13
636.26	7.8436E+13
636.58	7.9382E+13
636.91	7.9382E+13
637.24	7.9382E+13
637.57	7.9021E+13
637.89	7.8794E+13
638.22	7.8208E+13
638.55	7.6964E+13
638.87	7.5433E+13
639.2	7.5433E+13
639.53	7.6562E+13
639.86	7.5433E+13
640.18	7.5541E+13
640.51	7.6443E+13
640.84	7.5541E+13
641.16	7.5541E+13
641.49	7.4971E+13
641.82	7.5681E+13
642.14	7.6583E+13
642.47	7.6583E+13
642.8	7.5681E+13
643.12	7.5681E+13
643.45	7.5132E+13
643.78	7.44E+13
644.1	7.5551E+13
644.43	7.5346E+13
644.75	7.5346E+13
645.08	7.5346E+13
645.41	7.4693E+13
645.73	7.4645E+13
646.06	7.4645E+13
646.39	7.477E+13
646.71	7.477E+13
647.04	7.4645E+13
647.36	7.4581E+13
647.69	7.4439E+13
648.01	7.288E+13
648.34	7.1429E+13
648.67	7.0666E+13
648.99	6.9798E+13
649.32	7.054E+13
649.64	6.9681E+13
649.97	6.9681E+13
650.29	6.9681E+13
650.62	6.9136E+13
650.94	6.9136E+13
651.27	6.8462E+13
651.59	6.7795E+13
651.92	6.9007E+13
652.25	6.8477E+13
652.57	6.6873E+13
652.9	6.6358E+13
653.22	6.6358E+13
653.55	6.6873E+13
653.87	6.6873E+13
654.2	6.6873E+13
654.52	6.7756E+13
654.84	6.8119E+13
655.17	6.7236E+13
655.49	6.8043E+13
655.82	6.8171E+13
656.14	6.8171E+13
656.47	6.8043E+13
656.79	6.596E+13
657.12	6.596E+13
657.44	6.5398E+13
657.77	6.3263E+13
658.09	6.251E+13
658.41	6.3263E+13
658.74	6.3058E+13
659.06	6.251E+13
659.39	6.251E+13
659.71	6.2365E+13
660.03	6.2365E+13
660.36	6.0334E+13
660.68	6.0056E+13
661.01	5.808E+13
661.33	5.7376E+13
661.65	5.623E+13
661.98	5.5476E+13
662.3	5.5476E+13
662.63	5.5476E+13
662.95	5.623E+13
663.27	5.5476E+13
663.6	5.5476E+13
663.92	5.5352E+13
664.24	5.4566E+13
664.57	5.5383E+13
664.89	5.4566E+13
665.21	5.5627E+13
665.54	5.5627E+13
665.86	5.4449E+13
666.18	5.3548E+13
666.51	5.2969E+13
666.83	5.2969E+13
667.15	5.2753E+13
667.47	5.2753E+13
667.8	5.1798E+13
668.12	5.1798E+13
668.44	5.1455E+13
668.77	5.1532E+13
669.09	5.144E+13
669.41	5.144E+13
669.73	5.1532E+13
670.06	5.144E+13
670.38	5.0573E+13
670.7	5.0192E+13
671.02	4.965E+13
671.35	4.7254E+13
671.67	4.7254E+13
671.99	4.7254E+13
672.31	4.9561E+13
672.63	4.9561E+13
672.96	4.7947E+13
673.28	4.8233E+13
673.6	4.9561E+13
673.92	4.9259E+13
674.24	4.8792E+13
674.57	4.8792E+13
674.89	4.8792E+13
675.21	4.7481E+13
675.53	4.6734E+13
675.85	4.61E+13
676.17	4.61E+13
676.5	4.5461E+13
676.82	4.4462E+13
677.14	4.4462E+13
677.46	4.3476E+13
677.78	4.4259E+13
678.1	4.3092E+13
678.42	4.1325E+13
678.75	4.0159E+13
679.07	4.0159E+13
679.39	4.0159E+13
679.71	4.0159E+13
680.03	4.0566E+13
680.35	3.979E+13
680.67	3.9596E+13
680.99	3.8731E+13
681.31	3.9596E+13
681.63	4.006E+13
681.96	4.0836E+13
682.28	4.0836E+13
682.6	4.0836E+13
682.92	4.0836E+13
683.24	3.919E+13
683.56	4.1033E+13
683.88	4.1079E+13
684.2	4.1079E+13
684.52	4.1079E+13
684.84	4.1079E+13
685.16	3.9371E+13
685.48	3.9371E+13
685.8	3.9371E+13
686.12	3.9371E+13
686.44	3.9371E+13
686.76	3.5745E+13
687.08	3.2352E+13
687.4	3.2352E+13
687.72	3.2352E+13
688.04	3.2352E+13
688.36	3.0352E+13
688.68	2.9134E+13
689	2.9134E+13
689.32	2.9134E+13
689.64	2.9951E+13
689.96	2.9951E+13
690.28	2.9951E+13
690.6	3.0458E+13
690.92	3.0458E+13
691.24	3.0458E+13
691.56	3.1439E+13
691.88	3.1439E+13
692.19	3.0458E+13
692.51	3.1301E+13
692.83	3.0083E+13
693.15	3.2011E+13
693.47	3.2011E+13
693.79	3.178E+13
694.11	2.9852E+13
694.43	2.6895E+13
694.75	2.626E+13
695.06	2.626E+13
695.38	2.8058E+13
695.7	2.5721E+13
696.02	2.5721E+13
696.34	2.511E+13
696.66	2.511E+13
696.98	2.511E+13
697.29	2.511E+13
697.61	2.693E+13
697.93	2.693E+13
698.25	2.511E+13
698.57	2.511E+13
698.89	2.2946E+13
699.2	2.2946E+13
699.52	2.3555E+13
699.84	2.3555E+13
700.16	2.3555E+13
700.48	2.3555E+13
700.79	2.0753E+13
701.11	2.0573E+13
701.43	2.1755E+13
701.75	2.1755E+13
702.07	2.1755E+13
702.38	2.2062E+13
702.7	2.2062E+13
703.02	2.2062E+13
703.34	2.2583E+13
703.65	2.3663E+13
703.97	2.6325E+13
704.29	2.6325E+13
704.61	2.6325E+13
704.92	2.6325E+13
705.24	2.6325E+13
705.56	2.6325E+13
705.87	2.4132E+13
706.19	2.0844E+13
706.51	1.7679E+13
706.82	1.6587E+13
707.14	1.3907E+13
707.46	1.4904E+13
707.78	1.4999E+13
708.09	1.2192E+13
708.41	1.634E+13
708.73	1.634E+13
709.04	1.2192E+13
709.36	1.6182E+13
709.68	2.0297E+13
709.99	2.0297E+13
710.31	2.0297E+13
710.62	1.9467E+13
710.94	1.8403E+13
711.26	1.8403E+13
711.57	1.2138E+13
711.89	1.2138E+13
712.21	1.8403E+13
712.52	1.8403E+13
712.84	1.5017E+13
713.15	1.5408E+13
713.47	1.9877E+13
713.79	1.6491E+13
714.1	1.6713E+13
714.42	2.1239E+13
714.73	2.1239E+13
715.05	2.0357E+13
715.36	2.0357E+13
715.68	2.0357E+13
715.99	2.0357E+13
716.31	1.8698E+13
716.63	1.5559E+13
716.94	1.8047E+13
717.26	1.9104E+13
717.57	1.8047E+13
717.89	1.9104E+13
718.2	2.104E+13
718.52	2.104E+13
718.83	1.9174E+13
719.15	1.9174E+13
719.46	1.948E+13
719.78	1.948E+13
720.09	1.948E+13
720.41	1.948E+13
720.72	1.948E+13
721.04	1.948E+13
721.35	1.7354E+13
721.67	1.5131E+13
721.98	1.5131E+13
722.29	1.7354E+13
722.61	1.6988E+13
722.92	1.8917E+13
723.24	2.1384E+13
723.55	1.8917E+13
723.87	1.8917E+13
724.18	1.8917E+13
724.5	1.8995E+13
724.81	2.1384E+13
725.12	2.0926E+13
725.44	2.2487E+13
725.75	2.2487E+13
726.07	2.0442E+13
726.38	1.8511E+13
726.69	1.8511E+13
727.01	1.8511E+13
727.32	1.832E+13
727.63	1.8344E+13
727.95	1.7823E+13
728.26	1.56E+13
728.58	1.5161E+13
728.89	1.7054E+13
729.2	1.5161E+13
729.52	1.3078E+13
729.83	1.0375E+13
730.14	1.0375E+13
730.46	1.3761E+13
730.77	1.3761E+13
731.08	1.043E+13
731.39	1.4008E+13
731.71	1.043E+13
732.02	1.043E+13
732.33	1.4008E+13
732.65	1.4008E+13
732.96	1.4008E+13
733.27	1.4775E+13
733.59	1.6629E+13
733.9	9.2576E+12
734.21	1.2605E+13
734.52	1.2605E+13
734.84	1.7532E+13
735.15	1.3402E+13
735.46	1.3402E+13
735.77	1.3402E+13
736.09	1.3402E+13
736.4	1.7683E+13
736.71	1.7817E+13
737.02	1.7817E+13
737.33	1.7817E+13
737.65	1.7817E+13
737.96	1.7823E+13
738.27	1.4603E+13
738.58	8.117E+12
738.89	8.117E+12
739.21	8.117E+12
739.52	3.496E+12
739.83	2.3646E+12
740.14	2.3646E+12
740.45	3.4986E+12
740.76	2.3646E+12
741.08	1.852E+12
741.39	1.852E+12
741.7	1.852E+12
742.01	1.852E+12
742.32	2.3646E+12
742.63	4.6028E+12
742.94	7.9796E+12
743.26	7.9796E+12
743.57	5.2315E+12
743.88	9.2052E+12
744.19	9.2052E+12
744.5	8.2457E+12
744.81	8.2457E+12
745.12	8.4316E+12
745.43	7.5565E+12
745.74	7.5565E+12
746.05	7.5565E+12
746.36	9.3458E+12
746.67	9.3458E+12
746.99	9.3458E+12
747.3	1.1E+13
747.61	1.1498E+13
747.92	1.1498E+13
748.23	1.1498E+13
748.54	1.34E+13
748.85	1.2063E+13
749.16	1.3517E+13
749.47	1.1615E+13
749.78	1.3517E+13
750.09	1.4049E+13
750.4	1.2712E+13
750.71	1.1557E+13
751.02	1.1557E+13
751.33	1.2712E+13
751.64	1.2712E+13
751.95	9.8207E+12
752.26	9.8207E+12
752.57	9.3979E+12
752.88	5.4212E+12
753.19	0
753.5	0
753.81	0
754.11	7.7306E+12
754.42	7.7306E+12
754.73	0
755.04	5.7631E+11
755.35	0
755.66	0
755.97	9.0471E+12
756.28	9.0471E+12
756.59	0
756.9	9.0471E+12
757.21	0
757.52	0
757.82	1.5895E+12
758.13	0
758.44	5.2429E+12
758.75	2.3314E+12
759.06	0
759.37	2.3314E+12
759.68	4.1229E+12
759.98	4.1229E+12
760.29	4.1229E+12
760.6	7.0588E+12
760.91	7.0588E+12
761.22	1.4614E+13
761.53	1.4614E+13
761.83	1.8527E+13
762.14	1.8527E+13
762.45	1.8527E+13
762.76	1.8527E+13
763.07	1.7792E+12
763.37	1.8527E+13
763.68	1.1111E+13
763.99	1.0747E+13
764.3	8.1412E+12
764.6	8.1412E+12
764.91	2.004E+12
765.22	8.1412E+12
765.53	8.1412E+12
765.84	8.1412E+12
766.14	8.1412E+12
766.45	4.1923E+12
766.76	35935000000
767.06	0
767.37	0
767.68	0
767.99	0
768.29	0
768.6	0
768.91	0
769.21	0
769.52	0
769.83	5.9123E+12
770.13	1.4762E+12
770.44	1.2523E+13
770.75	0
771.05	1.004E+13
771.36	1.004E+13
771.67	0
771.97	1.004E+13
772.28	1.004E+13
772.59	1.004E+13
772.89	1.004E+13
773.2	1.004E+13
773.51	2.0367E+12
773.81	2.0367E+12
774.12	0
774.42	0
774.73	0
775.04	0
775.34	0
775.65	0
775.95	0
776.26	0
776.56	0
776.87	0
777.18	0
777.48	0
777.79	0
778.09	0
778.4	0
778.7	0
779.01	0
779.31	0
779.62	0
779.92	0
780.23	0
780.53	0
780.84	0
781.14	0
781.45	0
781.75	0
782.06	5.8193E+12
782.36	1.1684E+12
782.67	0
782.97	1.1684E+12
783.28	0
783.58	0
783.89	0
784.19	0
784.49	0
784.8	0
785.1	0
785.41	0
785.71	0
786.02	0
786.32	0
786.62	0
786.93	0
787.23	0
787.54	0
787.84	0
788.14	0
788.45	1.3626E+13
788.75	2.5615E+13
789.05	4.8355E+12
789.36	6.6976E+12
789.66	2.2168E+12
789.96	8.2383E+12
790.27	1.0917E+13
790.57	1.0917E+13
790.87	8.2383E+12
791.18	3.0428E+12
791.48	3.0428E+12
791.78	9.1914E+11
792.09	5.7389E+12
792.39	5.7389E+12
792.69	4.1097E+12
793	4.1097E+12
793.3	9.1914E+11
793.6	0
793.9	0
794.21	0
794.51	0
794.81	0
795.11	0
795.42	0
795.72	0
796.02	0
796.32	0
796.63	0
796.93	0
797.23	0
797.53	0
797.84	0
798.14	0
798.44	0
798.74	0
799.04	0
799.34	0
799.65	0
799.95	0
