    229.99     5.1798
     242.2     10.239
    251.07     25.141
    264.39      35.15
    273.26     50.052
    288.81     50.206
    303.26     50.348
    309.94     40.538
    317.73     30.738
    326.63     20.949
    338.86     16.132
    351.09     11.314
    367.77     6.5405
    384.45    -3.1714
    444.45    -2.5788
     461.1     7.4623
    476.65     12.554
    491.08     17.635
     503.3     22.694
    517.74     27.775
    528.84     32.823
    539.96     27.995
    544.39     37.915
    552.14     57.745
    558.79     67.687
    565.45      77.63
    568.77     87.539
    573.19      102.4
    576.49     127.12
    580.91     141.98
    584.22     161.77
    588.65     171.69
    593.07     186.55
     597.5      201.4
    604.15     211.35
    608.57     226.21
    616.34     236.16
    621.91     226.34
    633.03     221.51
     638.6     206.75
    643.07     191.98
    650.86     182.18
    655.32     167.41
    659.79     152.64
    665.36     142.81
    670.93     128.05
    676.52     108.36
    682.09     98.535
    686.55     83.764
    694.34     73.964
    702.14     59.226
    712.15     49.449
    719.95     34.711
    732.18     29.893
     744.4     30.014
    746.59     54.727
    748.9      99.204
    756.65      15.32
    763.3       35.161
    768.87      15.44
    783.32     10.645
    795.54     15.704
    812.2     30.661
    824.46    -8.7023
       830     1.2291
    837.76     16.121
    842.2      40.856
    847.77      6.343
    860.01    -3.4128
    875.56    -3.2592

