    480.47   0.048064
    491.56   0.072629
    501.74   0.097132
    513.76    0.12176
    525.78    0.14639
     537.8    0.17102
    547.94    0.24314
    556.25    0.29132
    561.77    0.33932
    570.03    0.45894
    575.54    0.53074
    580.12     0.6263
    586.54    0.72197
    592.99    0.77003
     599.4    0.88952
    606.78    0.93765
    613.23    0.98571
    621.53     1.0339
    628.98    0.96297
    636.42    0.91585
    643.89    0.82112
    651.32      0.774
    656.92    0.70295
    662.51    0.65571
    668.12    0.56085
    674.63    0.51367
    680.22    0.46643
    684.89    0.39532
    692.34    0.32439
     697.8    0.39607
    700.71    0.27734
       710    0.23035
    718.36     0.1833
     729.5    0.13644
     737.8     0.2798
     743.4    0.11357
    746.71    0.75668
    748.9     2.1616
    751.09     1.1618
    754.42    0.25718
    758.23    0.09077
     759.8    0.54328
     763.3     1.2102
    764.33    0.71026
     768.4    0.11527
     772.2    0.28219
    775.85   0.044348
    786.95   0.068913
    790.61    0.14059
     794.4    0.28364
    798.06   0.069669
    798.75    0.45068
    801.1     0.59373
    802.59    0.23665
    808.26   0.046552
    808.92    0.47519
    812.2     1.0468
    813       0.59449
    815.61    0.14229
     820.3   0.047371
    827.8     0.23823
    830.48   0.048064
    836.94   0.096124
    840.37    0.52495
    842.2     1.0964
    843.93    0.76329
    845.21    0.19193
    847.15   0.049198
    852.2    0.14488
    857.35   0.026081

